-329 , -286
-323 , -288
-319 , -290
-314 , -295
-309 , -299
-304 , -307
-302 , -315
-305 , -322
-313 , -326
-319 , -328
-329 , -329
-333 , -329
-331 , -328
-329 , -325
-325 , -320
-328 , -315
-333 , -312
-338 , -309
-344 , -307
-353 , -306
-363 , -307
-371 , -308
-382 , -310
-389 , -312
-397 , -313
-406 , -311
-415 , -310
-421 , -308
-429 , -302
-434 , -296
-441 , -289
-448 , -284
-455 , -279
-458 , -278
-463 , -275
-455 , -279
-449 , -284
-441 , -292
-433 , -296
-428 , -304
-421 , -309
-408 , -312
-397 , -314
-389 , -316
-382 , -319
-373 , -322
-368 , -325
-362 , -326
-355 , -330
-348 , -335
-344 , -339
-339 , -345
-335 , -351
-332 , -358
-331 , -365
-337 , -369
-344 , -370
-348 , -368
-351 , -364
-354 , -359
-357 , -353
-365 , -347
-371 , -343
-377 , -339
-384 , -335
-393 , -331
-401 , -327
-411 , -325
-417 , -325
-410 , -331
-405 , -335
-400 , -340
-396 , -345
-391 , -351
-387 , -357
-384 , -364
-381 , -370
-381 , -376
-384 , -380
-390 , -384
-396 , -386
-397 , -385
-399 , -383
-398 , -377
-398 , -370
-400 , -364
-402 , -358
-406 , -355
-410 , -348
-412 , -344
-417 , -342
-424 , -339
-426 , -336
-424 , -332
-421 , -326
-417 , -325
-423 , -330
-426 , -339
-423 , -345
-421 , -350
-418 , -356
-417 , -360
-420 , -362
-427 , -364
-433 , -362
-437 , -360
-441 , -355
-444 , -349
-444 , -342
-443 , -336
-443 , -332
-443 , -325
-443 , -321
-447 , -315
-452 , -311
-458 , -308
-464 , -304
-469 , -299
-472 , -295
-476 , -292
-481 , -288
-478 , -285
-470 , -280
-466 , -276
-463 , -272
-457 , -266
-460 , -270
-470 , -278
-475 , -282
-482 , -287
-488 , -288
-486 , -295
-482 , -301
-479 , -304
-475 , -308
-470 , -310
-467 , -312
-462 , -313
-457 , -313
-452 , -315
-449 , -316
-443 , -319
-441 , -324
-440 , -328
-441 , -331
-448 , -329
-457 , -329
-462 , -331
-467 , -333
-469 , -342
-468 , -349
-466 , -353
-465 , -358
-462 , -363
-461 , -368
-461 , -373
-466 , -373
-474 , -372
-481 , -369
-483 , -364
-483 , -354
-483 , -346
-482 , -339
-483 , -332
-487 , -329
-492 , -325
-496 , -320
-503 , -314
-508 , -309
-515 , -305
-517 , -301
-518 , -297
-514 , -295
-507 , -292
-502 , -289
-495 , -288
-503 , -286
-509 , -285
-515 , -286
-520 , -287
-525 , -286
-519 , -288
-514 , -286
-511 , -286
-505 , -286
-501 , -286
-503 , -290
-507 , -292
-512 , -294
-513 , -294
-519 , -296
-524 , -297
-527 , -299
-532 , -299
-537 , -300
-545 , -300
-549 , -299
-553 , -296
-556 , -294
-562 , -293
-567 , -290
-573 , -289
-578 , -286
-584 , -285
-587 , -284
-585 , -281
-584 , -277
-582 , -278
-578 , -280
-574 , -282
-572 , -282
-572 , -277
-573 , -274
-569 , -277
-566 , -281
-561 , -283
-558 , -286
-551 , -286
-545 , -287
-538 , -288
-538 , -285
-540 , -283
-543 , -280
-547 , -279
-548 , -279
-541 , -280
-538 , -280
-533 , -278
-530 , -273
-525 , -271
-521 , -270
-516 , -271
-510 , -271
-507 , -272
-503 , -273
-508 , -267
-506 , -262
-510 , -257
-515 , -254
-521 , -251
-526 , -248
-518 , -249
-514 , -249
-507 , -247
-502 , -242
-502 , -237
-508 , -238
-513 , -236
-517 , -234
-511 , -231
-505 , -229
-503 , -225
-505 , -222
-503 , -218
-498 , -219
-491 , -219
-485 , -221
-478 , -222
-473 , -222
-465 , -221
-457 , -222
-451 , -218
-447 , -216
-439 , -212
-431 , -208
-437 , -211
-442 , -214
-449 , -217
-453 , -218
-459 , -222
-468 , -222
-478 , -221
-487 , -220
-494 , -220
-498 , -217
-504 , -218
-505 , -221
-503 , -226
-504 , -229
-510 , -230
-516 , -235
-514 , -236
-509 , -238
-505 , -238
-501 , -241
-503 , -244
-510 , -248
-517 , -249
-523 , -250
-514 , -255
-509 , -259
-507 , -261
-507 , -264
-508 , -266
-512 , -265
-516 , -263
-523 , -263
-529 , -263
-537 , -265
-543 , -267
-549 , -267
-555 , -267
-562 , -267
-567 , -263
-570 , -261
-575 , -259
-578 , -256
-582 , -252
-585 , -249
-582 , -251
-578 , -249
-573 , -247
-565 , -246
-558 , -247
-551 , -249
-546 , -251
-541 , -254
-535 , -257
-531 , -261
-528 , -263
-535 , -256
-541 , -252
-547 , -251
-544 , -254
-543 , -256
-543 , -260
-545 , -263
-548 , -266
-552 , -267
-559 , -267
-564 , -265
-568 , -262
-571 , -259
-571 , -254
-569 , -250
-566 , -247
-572 , -246
-575 , -247
-578 , -248
-581 , -252
-584 , -250
-587 , -248
-590 , -253
-590 , -257
-590 , -260
-591 , -263
-590 , -267
-587 , -269
-585 , -272
-584 , -273
-581 , -275
-584 , -279
-585 , -282
-585 , -288
-586 , -291
-588 , -293
-590 , -295
-593 , -297
-592 , -293
-593 , -288
-592 , -285
-595 , -286
-597 , -289
-600 , -291
-603 , -292
-608 , -295
-613 , -296
-617 , -296
-614 , -293
-611 , -291
-608 , -288
-610 , -289
-615 , -291
-619 , -291
-624 , -290
-630 , -288
-633 , -287
-636 , -285
-639 , -282
-641 , -278
-635 , -277
-630 , -276
-625 , -277
-622 , -278
-620 , -276
-617 , -275
-615 , -272
-613 , -270
-611 , -265
-607 , -262
-603 , -260
-597 , -259
-591 , -259
-594 , -259
-601 , -260
-610 , -263
-611 , -265
-615 , -266
-621 , -266
-626 , -266
-629 , -267
-630 , -271
-628 , -274
-627 , -277
-629 , -273
-630 , -269
-632 , -267
-636 , -267
-643 , -267
-646 , -263
-651 , -261
-646 , -261
-642 , -261
-633 , -263
-639 , -261
-643 , -260
-651 , -260
-659 , -259
-666 , -258
-674 , -259
-680 , -258
-684 , -257
-692 , -258
-699 , -256
-701 , -253
-696 , -250
-694 , -250
-690 , -250
-695 , -249
-701 , -251
-710 , -253
-715 , -253
-720 , -251
-725 , -247
-724 , -240
-720 , -238
-718 , -237
-719 , -237
-724 , -239
-725 , -236
-727 , -232
-729 , -226
-726 , -219
-722 , -214
-718 , -210
-713 , -210
-704 , -208
-698 , -208
-694 , -209
-689 , -209
-684 , -210
-680 , -209
-682 , -212
-686 , -216
-690 , -219
-691 , -222
-688 , -218
-684 , -212
-679 , -208
-673 , -206
-681 , -211
-686 , -216
-692 , -220
-695 , -224
-696 , -227
-701 , -231
-703 , -235
-703 , -239
-700 , -236
-695 , -232
-691 , -234
-686 , -234
-681 , -236
-676 , -237
-672 , -237
-666 , -239
-661 , -238
-660 , -237
-659 , -236
-656 , -234
-655 , -233
-656 , -230
-659 , -226
-655 , -226
-651 , -227
-647 , -228
-643 , -230
-637 , -232
-633 , -237
-633 , -242
-637 , -247
-642 , -250
-650 , -251
-657 , -252
-667 , -252
-676 , -249
-679 , -247
-673 , -250
-665 , -252
-655 , -252
-648 , -252
-641 , -250
-633 , -245
-633 , -239
-634 , -234
-638 , -231
-645 , -227
-650 , -227
-652 , -226
-655 , -226
-659 , -226
-657 , -231
-656 , -235
-659 , -238
-667 , -237
-673 , -235
-685 , -236
-682 , -234
-686 , -232
-694 , -234
-699 , -236
-704 , -240
-703 , -234
-699 , -228
-685 , -213
-677 , -209
-683 , -208
-692 , -208
-697 , -208
-696 , -204
-692 , -201
-687 , -196
-682 , -196
-679 , -202
-675 , -206
-673 , -208
-669 , -207
-664 , -206
-661 , -201
-661 , -198
-659 , -195
-656 , -192
-653 , -190
-651 , -193
-649 , -195
-648 , -199
-647 , -203
-646 , -207
-652 , -207
-657 , -206
-661 , -206
-654 , -207
-647 , -209
-640 , -210
-635 , -210
-631 , -214
-626 , -213
-622 , -214
-620 , -211
-619 , -207
-617 , -204
-615 , -200
-612 , -197
-608 , -201
-604 , -204
-598 , -208
-605 , -210
-611 , -212
-616 , -212
-619 , -214
-612 , -211
-606 , -211
-599 , -209
-594 , -208
-587 , -208
-582 , -209
-577 , -208
-571 , -208
-566 , -209
-560 , -210
-553 , -209
-548 , -210
-541 , -210
-534 , -209
-527 , -208
-523 , -204
-522 , -197
-523 , -191
-527 , -189
-529 , -190
-535 , -193
-540 , -195
-542 , -199
-544 , -201
-543 , -205
-540 , -207
-547 , -199
-549 , -196
-549 , -190
-553 , -190
-557 , -193
-559 , -195
-562 , -198
-564 , -201
-566 , -204
-567 , -207
-565 , -202
-562 , -203
-570 , -201
-574 , -199
-578 , -196
-582 , -193
-588 , -188
-593 , -183
-594 , -179
-589 , -186
-585 , -189
-580 , -194
-576 , -199
-573 , -204
-573 , -208
-577 , -206
-580 , -202
-583 , -201
-585 , -199
-587 , -198
-591 , -201
-593 , -204
-595 , -207
-593 , -201
-580 , -196
-586 , -197
-590 , -196
-594 , -195
-599 , -195
-604 , -192
-611 , -189
-617 , -185
-626 , -179
-631 , -173
-635 , -169
-640 , -164
-646 , -160
-650 , -157
-652 , -161
-655 , -165
-659 , -160
-661 , -156
-661 , -152
-666 , -155
-670 , -160
-677 , -165
-681 , -162
-683 , -156
-682 , -152
-683 , -147
-678 , -144
-673 , -146
-667 , -148
-662 , -149
-661 , -150
-662 , -144
-659 , -142
-658 , -138
-662 , -136
-666 , -134
-660 , -138
-653 , -140
-646 , -142
-640 , -142
-636 , -141
-640 , -145
-645 , -150
-647 , -154
-645 , -149
-637 , -144
-633 , -142
-627 , -142
-620 , -143
-614 , -144
-606 , -146
-599 , -149
-593 , -154
-588 , -159
-583 , -162
-577 , -166
-570 , -169
-563 , -171
-556 , -176
-552 , -176
-547 , -178
-540 , -182
-533 , -186
-529 , -190
-533 , -192
-540 , -197
-545 , -200
-547 , -197
-548 , -194
-550 , -190
-554 , -187
-556 , -191
-556 , -187
-556 , -184
-555 , -180
-557 , -181
-561 , -184
-565 , -187
-567 , -188
-567 , -183
-567 , -178
-569 , -180
-572 , -177
-575 , -175
-578 , -179
-581 , -183
-583 , -179
-586 , -174
-585 , -167
-584 , -163
-588 , -162
-592 , -161
-596 , -162
-600 , -163
-604 , -165
-605 , -161
-606 , -157
-607 , -152
-610 , -154
-616 , -154
-620 , -154
-620 , -148
-621 , -146
-621 , -143
-626 , -142
-635 , -142
-639 , -142
-646 , -141
-650 , -141
-654 , -141
-660 , -138
-665 , -134
-661 , -138
-658 , -139
-660 , -142
-661 , -145
-662 , -148
-663 , -150
-667 , -148
-672 , -147
-679 , -144
-681 , -146
-683 , -147
-686 , -144
-690 , -141
-693 , -135
-694 , -131
-692 , -125
-687 , -123
-683 , -121
-679 , -121
-673 , -124
-669 , -125
-666 , -124
-661 , -122
-656 , -119
-648 , -117
-643 , -117
-634 , -119
-629 , -121
-624 , -125
-622 , -126
-617 , -130
-613 , -133
-611 , -134
-615 , -130
-616 , -126
-618 , -122
-615 , -123
-610 , -124
-602 , -128
-597 , -130
-591 , -132
-585 , -135
-578 , -138
-572 , -141
-566 , -147
-560 , -153
-554 , -157
-546 , -161
-539 , -163
-531 , -163
-519 , -165
-512 , -166
-501 , -166
-493 , -168
-484 , -171
-480 , -174
-472 , -179
-467 , -187
-463 , -194
-462 , -203
-462 , -211
-463 , -214
-464 , -219
-462 , -214
-461 , -207
-462 , -201
-462 , -193
-465 , -187
-470 , -181
-476 , -175
-483 , -171
-495 , -168
-504 , -164
-518 , -164
-529 , -162
-539 , -162
-546 , -160
-555 , -155
-564 , -149
-572 , -143
-580 , -136
-589 , -132
-596 , -129
-604 , -126
-612 , -125
-618 , -123
-616 , -126
-614 , -130
-612 , -134
-619 , -130
-625 , -125
-633 , -122
-641 , -119
-646 , -117
-651 , -120
-659 , -121
-663 , -124
-669 , -124
-675 , -124
-682 , -123
-689 , -123
-685 , -118
-680 , -112
-676 , -105
-670 , -100
-667 , -96
-662 , -92
-655 , -90
-650 , -88
-647 , -86
-650 , -92
-652 , -97
-650 , -96
-645 , -94
-644 , -92
-643 , -94
-642 , -95
-639 , -91
-633 , -88
-625 , -84
-619 , -81
-611 , -81
-605 , -80
-599 , -80
-604 , -83
-610 , -86
-615 , -90
-619 , -95
-621 , -100
-619 , -101
-613 , -101
-607 , -99
-601 , -95
-595 , -93
-588 , -89
-582 , -89
-577 , -90
-582 , -95
-586 , -100
-590 , -105
-591 , -107
-587 , -105
-582 , -106
-579 , -106
-576 , -105
-575 , -108
-576 , -111
-573 , -110
-567 , -108
-560 , -108
-555 , -107
-549 , -107
-545 , -105
-537 , -106
-525 , -106
-517 , -107
-509 , -108
-504 , -109
-493 , -109
-487 , -109
-480 , -108
-474 , -105
-466 , -102
-470 , -108
-476 , -111
-479 , -114
-486 , -117
-491 , -119
-497 , -121
-503 , -121
-510 , -121
-520 , -124
-527 , -125
-533 , -129
-537 , -132
-529 , -133
-523 , -133
-515 , -134
-509 , -134
-501 , -133
-493 , -133
-489 , -131
-481 , -129
-475 , -125
-469 , -122
-466 , -121
-473 , -127
-478 , -130
-480 , -131
-483 , -134
-486 , -138
-482 , -136
-479 , -136
-476 , -135
-476 , -139
-474 , -141
-471 , -143
-468 , -144
-462 , -143
-456 , -143
-451 , -142
-447 , -142
-441 , -143
-434 , -144
-429 , -145
-424 , -146
-421 , -148
-426 , -149
-431 , -148
-436 , -150
-443 , -151
-450 , -152
-455 , -154
-461 , -157
-466 , -160
-466 , -164
-465 , -166
-462 , -165
-458 , -162
-451 , -158
-447 , -158
-440 , -156
-436 , -155
-428 , -155
-421 , -155
-415 , -155
-407 , -156
-402 , -158
-395 , -160
-387 , -161
-380 , -163
-373 , -162
-364 , -162
-357 , -163
-350 , -162
-342 , -160
-337 , -159
-331 , -155
-327 , -149
-329 , -144
-335 , -139
-342 , -136
-348 , -131
-357 , -129
-366 , -124
-380 , -117
-392 , -114
-404 , -108
-418 , -104
-432 , -100
-445 , -95
-455 , -88
-471 , -82
-481 , -75
-495 , -69
-506 , -61
-516 , -54
-527 , -48
-536 , -38
-543 , -31
-551 , -23
-557 , -14
-558 , -17
-562 , -7
-568 , 2
-576 , 15
-583 , 27
-585 , 34
-588 , 43
-590 , 52
-594 , 66
-595 , 79
-597 , 92
-596 , 107
-594 , 119
-590 , 133
-586 , 144
-579 , 157
-571 , 168
-564 , 177
-554 , 188
-549 , 195
-540 , 202
-534 , 209
-528 , 215
-524 , 218
-520 , 222
-521 , 224
-527 , 228
-531 , 232
-535 , 236
-542 , 241
-550 , 242
-555 , 243
-561 , 246
-570 , 248
-579 , 249
-591 , 251
-601 , 253
-610 , 254
-617 , 256
-626 , 257
-636 , 259
-651 , 260
-665 , 260
-676 , 262
-686 , 262
-693 , 262
-699 , 264
-701 , 268
-705 , 275
-710 , 279
-718 , 282
-724 , 286
-733 , 289
-743 , 291
-753 , 292
-761 , 293
-770 , 295
-779 , 298
-786 , 303
-793 , 307
-798 , 313
-801 , 318
-805 , 320
-813 , 321
-823 , 322
-830 , 327
-834 , 329
-840 , 333
-845 , 336
-848 , 339
-851 , 345
-851 , 351
-851 , 357
-849 , 365
-847 , 360
-842 , 357
-836 , 354
-832 , 354
-825 , 352
-822 , 352
-821 , 352
-823 , 349
-823 , 347
-823 , 345
-825 , 343
-825 , 341
-827 , 339
-828 , 337
-830 , 336
-834 , 336
-837 , 335
-841 , 335
-835 , 336
-828 , 337
-826 , 342
-824 , 345
-822 , 352
-820 , 352
-829 , 354
-828 , 354
-824 , 356
-818 , 356
-811 , 355
-806 , 353
-804 , 355
-805 , 359
-805 , 364
-802 , 369
-805 , 364
-804 , 359
-803 , 352
-801 , 349
-798 , 346
-794 , 342
-792 , 340
-788 , 335
-792 , 337
-795 , 338
-793 , 336
-788 , 337
-787 , 331
-786 , 326
-783 , 325
-778 , 321
-771 , 319
-761 , 315
-756 , 313
-747 , 313
-740 , 311
-733 , 308
-725 , 302
-717 , 296
-703 , 292
-694 , 287
-685 , 285
-679 , 285
-696 , 288
-707 , 294
-714 , 296
-722 , 302
-729 , 307
-736 , 311
-746 , 312
-755 , 313
-764 , 316
-772 , 320
-781 , 322
-787 , 327
-787 , 332
-789 , 336
-784 , 336
-780 , 336
-775 , 336
-769 , 337
-765 , 343
-765 , 349
-769 , 352
-775 , 353
-784 , 355
-791 , 358
-797 , 361
-802 , 363
-803 , 367
-798 , 362
-792 , 359
-784 , 357
-777 , 354
-770 , 353
-765 , 354
-759 , 354
-753 , 355
-745 , 352
-741 , 348
-736 , 346
-731 , 341
-727 , 338
-721 , 337
-716 , 338
-710 , 338
-703 , 336
-696 , 333
-688 , 330
-685 , 328
-681 , 328
-674 , 329
-669 , 333
-662 , 339
-657 , 342
-652 , 345
-645 , 348
-637 , 348
-630 , 348
-622 , 348
-615 , 345
-610 , 346
-603 , 346
-596 , 351
-591 , 357
-587 , 354
-585 , 348
-584 , 341
-584 , 336
-587 , 331
-593 , 328
-597 , 328
-605 , 329
-613 , 330
-621 , 334
-625 , 337
-629 , 342
-633 , 349
-624 , 338
-623 , 336
-613 , 331
-606 , 329
-600 , 328
-606 , 324
-609 , 320
-615 , 317
-623 , 317
-630 , 315
-635 , 315
-639 , 311
-642 , 307
-649 , 306
-652 , 305
-659 , 308
-665 , 308
-671 , 308
-666 , 308
-659 , 307
-653 , 306
-645 , 307
-642 , 308
-639 , 302
-632 , 300
-626 , 299
-618 , 298
-611 , 298
-602 , 296
-598 , 297
-591 , 297
-581 , 296
-572 , 295
-566 , 295
-558 , 294
-552 , 291
-546 , 289
-539 , 289
-530 , 289
-519 , 289
-510 , 291
-504 , 290
-498 , 288
-491 , 286
-485 , 287
-479 , 288
-472 , 290
-464 , 292
-453 , 295
-445 , 299
-437 , 303
-431 , 308
-427 , 312
-426 , 305
-425 , 299
-426 , 291
-426 , 285
-430 , 281
-433 , 278
-438 , 276
-446 , 272
-456 , 270
-464 , 266
-469 , 264
-475 , 257
-477 , 255
-479 , 247
-486 , 243
-492 , 240
-499 , 236
-504 , 232
-510 , 229
-516 , 223
-518 , 223
-513 , 228
-504 , 232
-497 , 237
-488 , 242
-478 , 246
-472 , 249
-468 , 251
-462 , 254
-453 , 258
-448 , 258
-440 , 261
-434 , 263
-428 , 265
-420 , 266
-412 , 270
-406 , 270
-398 , 272
-388 , 274
-379 , 274
-367 , 276
-360 , 276
-350 , 276
-340 , 277
-331 , 276
-321 , 277
-311 , 276
-300 , 275
-285 , 274
-273 , 270
-263 , 267
-254 , 264
-242 , 262
-231 , 260
-223 , 257
-217 , 254
-210 , 251
-204 , 248
-209 , 247
-215 , 246
-222 , 247
-229 , 246
-235 , 247
-242 , 248
-237 , 248
-230 , 246
-223 , 247
-214 , 245
-209 , 248
-203 , 248
-194 , 250
-189 , 254
-183 , 256
-176 , 259
-170 , 264
-166 , 270
-163 , 275
-159 , 282
-154 , 282
-155 , 277
-155 , 272
-158 , 268
-161 , 264
-164 , 260
-166 , 259
-170 , 255
-175 , 252
-178 , 249
-170 , 251
-163 , 253
-156 , 253
-152 , 252
-145 , 252
-139 , 253
-133 , 254
-127 , 256
-123 , 256
-117 , 259
-114 , 260
-110 , 262
-107 , 265
-106 , 266
-107 , 260
-109 , 256
-110 , 251
-112 , 245
-115 , 243
-116 , 241
-119 , 238
-120 , 238
-122 , 237
-125 , 235
-128 , 235
-132 , 231
-136 , 231
-143 , 232
-148 , 233
-153 , 233
-160 , 236
-169 , 236
-174 , 236
-182 , 234
-188 , 235
-195 , 235
-204 , 234
-214 , 233
-221 , 230
-229 , 229
-239 , 226
-247 , 222
-256 , 219
-265 , 216
-271 , 215
-279 , 214
-289 , 212
-295 , 214
-288 , 212
-279 , 214
-270 , 217
-265 , 218
-255 , 220
-246 , 224
-237 , 226
-227 , 230
-222 , 230
-213 , 232
-205 , 233
-197 , 233
-187 , 235
-184 , 235
-176 , 235
-169 , 237
-161 , 236
-152 , 235
-144 , 234
-133 , 232
-127 , 228
-123 , 228
-117 , 227
-113 , 226
-108 , 228
-102 , 230
-99 , 229
-97 , 225
-91 , 226
-87 , 220
-84 , 214
-81 , 210
-77 , 205
-73 , 203
-67 , 198
-63 , 194
-58 , 190
-52 , 188
-47 , 185
-52 , 188
-57 , 190
-61 , 195
-67 , 200
-73 , 204
-81 , 211
-85 , 216
-86 , 221
-91 , 227
-93 , 234
-92 , 242
-92 , 248
-92 , 258
-93 , 268
-93 , 274
-95 , 282
-96 , 289
-99 , 298
-101 , 304
-104 , 310
-107 , 317
-111 , 324
-116 , 331
-123 , 336
-126 , 341
-129 , 346
-127 , 342
-131 , 341
-136 , 341
-144 , 342
-151 , 342
-157 , 344
-163 , 346
-168 , 348
-176 , 351
-180 , 354
-188 , 355
-196 , 355
-201 , 354
-208 , 353
-215 , 353
-223 , 353
-231 , 352
-236 , 353
-239 , 357
-239 , 362
-242 , 364
-250 , 367
-259 , 371
-266 , 374
-273 , 380
-276 , 387
-281 , 394
-276 , 395
-272 , 394
-267 , 393
-261 , 390
-256 , 389
-248 , 388
-243 , 389
-239 , 389
-239 , 386
-237 , 382
-234 , 380
-230 , 378
-237 , 376
-239 , 372
-239 , 367
-238 , 374
-236 , 376
-229 , 378
-226 , 375
-221 , 374
-216 , 371
-211 , 371
-205 , 369
-200 , 368
-193 , 367
-188 , 367
-176 , 365
-170 , 365
-164 , 363
-155 , 360
-149 , 357
-145 , 355
-140 , 352
-145 , 354
-151 , 360
-156 , 361
-163 , 364
-177 , 366
-185 , 368
-193 , 369
-202 , 368
-207 , 370
-210 , 371
-215 , 372
-228 , 379
-236 , 382
-240 , 387
-242 , 391
-244 , 395
-246 , 401
-245 , 407
-243 , 410
-238 , 408
-234 , 405
-230 , 402
-225 , 400
-222 , 400
-216 , 399
-213 , 399
-213 , 397
-213 , 396
-209 , 397
-206 , 395
-206 , 391
-208 , 387
-210 , 382
-214 , 381
-217 , 378
-221 , 378
-226 , 377
-217 , 379
-212 , 383
-208 , 388
-206 , 392
-207 , 396
-205 , 401
-199 , 401
-192 , 401
-186 , 400
-179 , 398
-173 , 398
-167 , 396
-161 , 395
-154 , 395
-147 , 393
-142 , 392
-139 , 390
-133 , 389
-126 , 386
-119 , 382
-114 , 380
-108 , 376
-102 , 374
-97 , 370
-93 , 366
-88 , 362
-84 , 357
-82 , 351
-84 , 359
-88 , 363
-92 , 367
-97 , 370
-103 , 374
-109 , 377
-116 , 381
-118 , 382
-127 , 387
-134 , 391
-135 , 397
-136 , 402
-137 , 411
-133 , 417
-129 , 420
-126 , 423
-125 , 418
-122 , 414
-119 , 411
-114 , 408
-110 , 406
-105 , 404
-101 , 400
-102 , 397
-106 , 395
-110 , 393
-115 , 391
-120 , 391
-125 , 391
-131 , 391
-126 , 392
-118 , 391
-113 , 392
-108 , 394
-104 , 396
-101 , 401
-101 , 405
-96 , 405
-89 , 404
-79 , 401
-76 , 395
-75 , 390
-72 , 387
-68 , 385
-62 , 381
-56 , 380
-52 , 376
-47 , 373
-49 , 366
-51 , 360
-49 , 368
-47 , 375
-52 , 378
-47 , 380
-40 , 383
-32 , 385
-26 , 384
-19 , 383
-14 , 381
-10 , 376
-8 , 372
-4 , 371
-1 , 369
5 , 369
12 , 370
18 , 372
21 , 377
25 , 381
27 , 386
29 , 381
31 , 376
31 , 367
29 , 358
28 , 354
24 , 347
16 , 342
11 , 341
5 , 341
-3 , 342
-11 , 345
-8 , 348
-2 , 352
-1 , 360
-3 , 366
-6 , 370
-4 , 367
-1 , 360
-2 , 353
-8 , 349
-12 , 346
-19 , 348
-24 , 347
-31 , 346
-37 , 342
-41 , 336
-42 , 330
-41 , 321
-39 , 313
-36 , 306
-32 , 301
-28 , 293
-23 , 286
-19 , 278
-14 , 272
-8 , 264
-4 , 257
-1 , 249
5 , 239
8 , 231
11 , 224
9 , 214
5 , 207
10 , 201
16 , 199
22 , 197
30 , 194
39 , 193
47 , 194
52 , 197
56 , 200
59 , 204
63 , 203
62 , 197
58 , 187
53 , 180
47 , 176
40 , 171
32 , 168
23 , 167
13 , 167
5 , 169
-5 , 171
-11 , 174
-5 , 174
2 , 175
6 , 178
6 , 183
2 , 188
0 , 193
6 , 195
11 , 193
15 , 197
6 , 196
1 , 193
2 , 190
7 , 183
7 , 179
2 , 175
-6 , 174
-12 , 176
-19 , 176
-24 , 172
-31 , 167
-41 , 163
-50 , 158
-56 , 156
-63 , 155
-71 , 153
-82 , 153
-93 , 152
-101 , 152
-110 , 154
-123 , 153
-131 , 156
-144 , 156
-157 , 157
-164 , 157
-149 , 156
-141 , 156
-138 , 156
-131 , 154
-126 , 153
-119 , 151
-116 , 149
-108 , 146
-114 , 148
-118 , 148
-125 , 148
-135 , 149
-143 , 148
-152 , 147
-162 , 145
-164 , 143
-159 , 146
-154 , 146
-145 , 145
-140 , 145
-137 , 145
-133 , 144
-127 , 144
-120 , 143
-117 , 141
-113 , 140
-107 , 139
-100 , 137
-94 , 134
-101 , 138
-116 , 140
-125 , 140
-131 , 140
-140 , 138
-149 , 134
-156 , 131
-160 , 126
-164 , 124
-166 , 118
-163 , 126
-157 , 131
-148 , 135
-141 , 139
-132 , 140
-124 , 141
-117 , 141
-113 , 142
-109 , 138
-104 , 137
-95 , 133
-105 , 137
-115 , 141
-122 , 144
-130 , 145
-140 , 145
-148 , 147
-156 , 146
-163 , 144
-151 , 147
-147 , 148
-141 , 148
-123 , 149
-118 , 149
-109 , 147
-117 , 151
-126 , 154
-135 , 155
-140 , 158
-155 , 157
-160 , 157
-150 , 157
-149 , 158
-141 , 159
-136 , 159
-130 , 159
-121 , 159
-115 , 158
-106 , 158
-97 , 158
-89 , 159
-83 , 161
-79 , 162
-74 , 164
-69 , 165
-82 , 164
-89 , 163
-93 , 164
-99 , 164
-105 , 165
-112 , 167
-117 , 168
-122 , 169
-127 , 170
-132 , 172
-127 , 173
-124 , 173
-119 , 173
-111 , 172
-104 , 173
-98 , 173
-91 , 173
-84 , 174
-78 , 176
-85 , 178
-93 , 180
-101 , 180
-109 , 185
-119 , 190
-128 , 193
-134 , 198
-126 , 201
-122 , 201
-116 , 201
-110 , 200
-105 , 200
-97 , 200
-90 , 200
-84 , 197
-81 , 195
-85 , 198
-90 , 202
-94 , 205
-100 , 208
-106 , 210
-110 , 212
-115 , 213
-123 , 215
-127 , 215
-134 , 216
-141 , 217
-148 , 215
-154 , 217
-148 , 219
-144 , 219
-137 , 220
-130 , 221
-124 , 222
-118 , 224
-115 , 223
-109 , 225
-104 , 227
-99 , 227
-107 , 226
-115 , 224
-124 , 224
-131 , 223
-136 , 221
-148 , 218
-140 , 215
-135 , 217
-126 , 216
-115 , 213
-105 , 211
-100 , 208
-94 , 205
-91 , 203
-84 , 196
-89 , 199
-97 , 202
-104 , 200
-111 , 201
-116 , 202
-123 , 203
-127 , 202
-132 , 198
-128 , 194
-120 , 190
-113 , 185
-103 , 180
-95 , 180
-85 , 179
-76 , 179
-79 , 176
-84 , 175
-91 , 174
-97 , 172
-109 , 173
-118 , 174
-126 , 174
-131 , 173
-127 , 171
-118 , 168
-105 , 166
-93 , 164
-90 , 164
-83 , 165
-70 , 165
-83 , 160
-92 , 159
-97 , 160
-106 , 159
-115 , 158
-120 , 158
-130 , 158
-142 , 159
-150 , 159
-156 , 159
-163 , 155
-154 , 157
-137 , 156
-132 , 154
-126 , 155
-121 , 154
-114 , 153
-107 , 153
-102 , 150
-98 , 147
-96 , 143
-92 , 140
-89 , 134
-86 , 131
-81 , 126
-77 , 119
-72 , 114
-69 , 108
-65 , 102
-61 , 94
-57 , 87
-52 , 77
-46 , 68
-40 , 56
-32 , 41
-24 , 32
-14 , 16
-6 , 9
2 , 0
10 , -5
20 , -12
28 , -19
37 , -23
47 , -26
56 , -31
65 , -32
75 , -32
85 , -33
95 , -34
105 , -33
112 , -32
119 , -32
129 , -27
134 , -24
141 , -21
150 , -14
157 , -5
162 , 0
170 , 9
176 , 16
182 , 25
185 , 37
189 , 48
192 , 57
195 , 67
196 , 80
201 , 88
203 , 97
206 , 106
209 , 111
201 , 114
193 , 115
185 , 117
176 , 119
167 , 124
161 , 129
157 , 138
157 , 148
157 , 158
158 , 165
159 , 174
161 , 183
161 , 194
161 , 207
161 , 216
157 , 223
150 , 229
143 , 235
137 , 241
127 , 247
121 , 257
114 , 263
109 , 272
105 , 277
98 , 281
87 , 280
77 , 284
72 , 288
67 , 294
59 , 294
52 , 295
47 , 298
43 , 303
38 , 308
34 , 313
39 , 315
46 , 313
52 , 315
46 , 321
48 , 320
53 , 315
59 , 311
63 , 309
69 , 307
76 , 306
82 , 301
89 , 295
94 , 294
101 , 293
110 , 292
116 , 288
121 , 283
126 , 277
135 , 268
145 , 259
152 , 253
159 , 249
165 , 243
171 , 239
178 , 235
172 , 240
164 , 244
159 , 250
151 , 253
143 , 261
136 , 269
127 , 278
120 , 285
115 , 289
108 , 293
101 , 294
94 , 294
88 , 296
83 , 302
79 , 304
84 , 307
89 , 312
92 , 320
93 , 327
87 , 329
80 , 328
73 , 327
68 , 325
59 , 322
53 , 323
47 , 324
54 , 323
74 , 326
82 , 329
89 , 328
91 , 326
93 , 324
97 , 325
104 , 327
107 , 326
117 , 326
128 , 326
135 , 325
142 , 322
146 , 317
146 , 314
150 , 308
156 , 304
162 , 303
170 , 299
174 , 295
183 , 290
190 , 283
198 , 278
203 , 270
207 , 264
212 , 258
216 , 250
222 , 246
231 , 240
240 , 238
250 , 237
256 , 234
263 , 235
271 , 234
277 , 237
283 , 238
289 , 240
299 , 244
305 , 248
309 , 249
313 , 244
313 , 237
312 , 230
309 , 225
307 , 221
301 , 215
293 , 211
289 , 210
283 , 208
276 , 206
272 , 205
268 , 209
264 , 212
258 , 214
255 , 216
250 , 219
250 , 224
251 , 225
252 , 226
252 , 229
248 , 231
246 , 233
246 , 237
247 , 234
251 , 229
252 , 227
251 , 223
252 , 218
255 , 216
260 , 214
266 , 210
270 , 206
270 , 205
265 , 203
257 , 203
260 , 198
262 , 190
261 , 183
260 , 177
257 , 176
250 , 171
244 , 165
237 , 160
228 , 150
224 , 143
220 , 138
216 , 133
214 , 126
209 , 113
212 , 123
214 , 130
219 , 136
232 , 156
244 , 166
250 , 169
257 , 176
266 , 179
276 , 184
286 , 187
296 , 191
306 , 193
317 , 198
328 , 199
342 , 202
349 , 203
356 , 204
365 , 204
375 , 205
382 , 204
390 , 204
399 , 204
405 , 203
401 , 200
394 , 194
389 , 189
384 , 184
377 , 179
369 , 176
364 , 172
359 , 169
366 , 173
369 , 176
372 , 180
368 , 181
363 , 181
369 , 180
372 , 181
377 , 181
383 , 184
390 , 188
394 , 194
402 , 201
405 , 205
411 , 211
416 , 216
422 , 224
425 , 229
431 , 237
437 , 245
444 , 253
451 , 259
457 , 266
464 , 271
473 , 273
480 , 272
488 , 271
494 , 269
501 , 268
509 , 267
513 , 266
516 , 264
519 , 257
522 , 251
527 , 248
529 , 246
521 , 250
519 , 259
516 , 266
514 , 272
513 , 281
513 , 289
513 , 296
509 , 301
502 , 303
495 , 305
490 , 308
482 , 305
475 , 307
470 , 310
466 , 313
466 , 318
461 , 315
453 , 314
444 , 316
438 , 318
430 , 319
425 , 322
420 , 326
416 , 326
411 , 326
415 , 326
419 , 327
417 , 331
415 , 336
414 , 341
414 , 348
414 , 355
416 , 355
416 , 355
420 , 352
422 , 349
425 , 349
427 , 347
431 , 348
436 , 345
440 , 343
441 , 338
439 , 332
436 , 328
432 , 326
426 , 325
419 , 329
415 , 338
414 , 351
414 , 355
418 , 354
422 , 352
427 , 350
430 , 350
435 , 352
441 , 354
447 , 354
454 , 353
459 , 351
463 , 350
466 , 349
466 , 355
467 , 360
468 , 365
467 , 361
466 , 356
467 , 351
469 , 345
472 , 339
476 , 334
481 , 332
487 , 332
492 , 329
495 , 326
503 , 323
511 , 320
516 , 319
520 , 319
523 , 312
523 , 308
525 , 304
528 , 298
531 , 292
535 , 287
532 , 293
528 , 299
524 , 305
524 , 313
519 , 320
512 , 321
503 , 321
492 , 328
492 , 333
496 , 337
500 , 342
502 , 349
500 , 352
497 , 355
493 , 356
486 , 357
480 , 358
473 , 361
469 , 363
474 , 362
479 , 359
488 , 357
492 , 357
497 , 356
502 , 358
507 , 359
513 , 357
518 , 358
523 , 354
522 , 350
526 , 348
531 , 349
538 , 347
542 , 347
549 , 344
553 , 341
554 , 336
556 , 330
560 , 326
556 , 332
552 , 328
558 , 329
563 , 330
566 , 335
567 , 342
567 , 348
572 , 348
578 , 350
583 , 352
589 , 354
596 , 353
603 , 355
608 , 356
613 , 358
620 , 361
621 , 358
623 , 352
623 , 348
622 , 343
618 , 341
616 , 337
609 , 338
601 , 338
595 , 341
589 , 344
586 , 348
586 , 352
586 , 347
589 , 345
593 , 340
601 , 338
608 , 339
614 , 337
616 , 338
615 , 331
610 , 326
605 , 322
600 , 318
595 , 314
593 , 310
594 , 305
592 , 309
596 , 314
599 , 319
602 , 315
604 , 308
606 , 302
601 , 294
597 , 288
592 , 282
588 , 275
585 , 271
583 , 266
581 , 260
579 , 253
580 , 245
585 , 245
589 , 244
594 , 245
598 , 249
601 , 253
605 , 252
607 , 246
608 , 239
607 , 232
603 , 226
600 , 222
595 , 219
587 , 216
578 , 215
573 , 215
567 , 216
575 , 219
584 , 221
586 , 223
583 , 224
580 , 227
585 , 228
589 , 229
592 , 231
587 , 234
581 , 239
581 , 245
581 , 239
586 , 235
591 , 230
588 , 229
585 , 227
579 , 229
584 , 226
588 , 224
582 , 221
578 , 220
575 , 219
568 , 218
561 , 216
552 , 217
544 , 217
538 , 215
530 , 214
523 , 213
517 , 212
512 , 209
516 , 214
519 , 219
526 , 223
521 , 220
514 , 213
512 , 209
506 , 202
506 , 198
503 , 190
498 , 175
494 , 168
493 , 162
488 , 155
484 , 149
472 , 139
465 , 136
459 , 133
453 , 130
442 , 128
449 , 129
454 , 129
460 , 135
471 , 138
477 , 143
483 , 147
484 , 158
487 , 166
490 , 174
494 , 180
495 , 183
500 , 189
493 , 189
487 , 185
482 , 181
477 , 176
471 , 169
468 , 170
469 , 175
472 , 183
475 , 191
479 , 196
482 , 205
489 , 212
495 , 221
503 , 225
508 , 230
513 , 235
506 , 233
497 , 232
490 , 228
483 , 225
476 , 220
471 , 215
464 , 209
467 , 219
472 , 227
475 , 235
478 , 244
480 , 253
479 , 259
476 , 256
473 , 249
469 , 243
464 , 235
462 , 230
459 , 227
454 , 220
449 , 216
442 , 212
445 , 220
446 , 227
447 , 232
450 , 241
453 , 246
459 , 250
463 , 254
468 , 259
470 , 261
463 , 257
457 , 251
446 , 245
442 , 240
437 , 235
434 , 230
431 , 223
427 , 218
427 , 213
425 , 208
422 , 204
431 , 226
422 , 222
420 , 223
426 , 224
429 , 224
434 , 227
436 , 233
442 , 238
447 , 244
451 , 247
449 , 241
446 , 234
446 , 225
446 , 219
454 , 221
460 , 228
474 , 250
475 , 257
480 , 256
479 , 245
476 , 237
472 , 229
466 , 219
465 , 211
471 , 217
476 , 221
484 , 225
491 , 229
495 , 231
506 , 233
508 , 231
502 , 227
496 , 223
489 , 215
483 , 207
478 , 195
476 , 192
473 , 184
470 , 176
469 , 170
477 , 177
481 , 180
486 , 184
499 , 190
502 , 191
500 , 183
496 , 170
499 , 163
504 , 159
508 , 154
512 , 147
518 , 139
522 , 130
526 , 122
531 , 112
535 , 99
539 , 85
537 , 70
538 , 58
537 , 44
535 , 29
527 , 0
522 , -13
517 , -22
512 , -32
504 , -41
497 , -53
491 , -64
487 , -74
481 , -85
473 , -97
467 , -106
461 , -115
457 , -127
454 , -141
453 , -150
454 , -162
459 , -174
466 , -181
472 , -190
481 , -196
487 , -202
497 , -207
504 , -211
512 , -216
524 , -218
534 , -221
546 , -222
558 , -222
567 , -221
579 , -222
591 , -221
598 , -220
609 , -218
616 , -216
628 , -212
640 , -208
650 , -205
662 , -201
673 , -196
682 , -192
693 , -187
702 , -181
711 , -176
718 , -166
722 , -154
724 , -138
723 , -127
724 , -114
726 , -102
728 , -91
730 , -105
733 , -112
738 , -117
740 , -124
741 , -124
741 , -115
742 , -104
744 , -95
748 , -87
751 , -81
755 , -76
759 , -70
764 , -63
762 , -69
763 , -76
762 , -84
762 , -91
766 , -83
770 , -77
775 , -70
779 , -65
781 , -59
783 , -53
786 , -44
787 , -37
788 , -28
787 , -21
787 , -14
787 , -7
791 , -13
795 , -18
796 , -22
797 , -16
795 , -7
795 , -2
795 , 1
793 , 8
790 , 15
788 , 21
786 , 27
782 , 34
778 , 40
773 , 47
779 , 42
784 , 40
790 , 36
792 , 33
797 , 27
804 , 21
809 , 13
813 , 9
817 , 1
822 , -6
825 , -13
830 , -19
834 , -30
837 , -40
840 , -50
841 , -59
842 , -68
842 , -72
840 , -77
846 , -69
846 , -64
848 , -60
850 , -55
852 , -60
852 , -67
851 , -73
848 , -77
846 , -87
844 , -97
840 , -108
838 , -113
832 , -119
827 , -127
822 , -132
819 , -138
812 , -143
809 , -148
818 , -148
823 , -145
827 , -143
831 , -141
831 , -145
826 , -151
821 , -156
813 , -164
805 , -169
796 , -172
787 , -177
777 , -179
769 , -183
761 , -186
753 , -190
746 , -191
740 , -193
735 , -195
744 , -188
748 , -181
755 , -175
762 , -169
767 , -160
775 , -153
779 , -146
785 , -138
788 , -128
792 , -122
785 , -124
780 , -130
771 , -136
763 , -143
751 , -151
744 , -157
737 , -163
727 , -167
720 , -171
713 , -177
720 , -177
727 , -175
733 , -173
743 , -172
751 , -167
753 , -169
749 , -173
743 , -180
738 , -183
733 , -186
727 , -190
720 , -193
714 , -196
726 , -197
731 , -197
736 , -198
745 , -198
739 , -203
731 , -205
723 , -208
717 , -211
710 , -213
707 , -214
698 , -215
690 , -217
684 , -218
678 , -219
671 , -220
664 , -219
671 , -222
677 , -223
683 , -223
688 , -224
691 , -222
695 , -221
700 , -219
707 , -217
699 , -219
688 , -226
677 , -230
669 , -233
659 , -236
648 , -237
640 , -239
632 , -238
624 , -240
618 , -239
611 , -241
617 , -244
624 , -246
629 , -249
632 , -249
638 , -247
642 , -244
650 , -243
657 , -240
666 , -235
657 , -242
650 , -242
643 , -246
637 , -248
643 , -249
645 , -249
649 , -251
656 , -253
647 , -254
639 , -255
628 , -255
620 , -256
613 , -257
604 , -257
596 , -256
587 , -256
580 , -253
573 , -251
569 , -251
559 , -250
566 , -254
571 , -256
575 , -258
579 , -257
582 , -254
582 , -259
587 , -260
589 , -261
594 , -263
579 , -263
572 , -262
565 , -261
555 , -260
549 , -259
542 , -258
532 , -257
522 , -254
514 , -251
508 , -247
501 , -244
505 , -248
509 , -253
513 , -257
518 , -261
522 , -264
526 , -267
514 , -263
509 , -262
504 , -261
500 , -260
495 , -257
487 , -253
481 , -250
475 , -246
468 , -242
461 , -236
455 , -231
451 , -225
453 , -236
456 , -242
455 , -248
458 , -254
460 , -256
453 , -253
446 , -248
440 , -244
436 , -241
431 , -235
424 , -227
419 , -220
414 , -214
411 , -205
412 , -197
412 , -189
408 , -203
409 , -212
409 , -220
407 , -223
404 , -217
402 , -213
398 , -204
394 , -198
391 , -191
388 , -182
386 , -176
385 , -168
386 , -162
388 , -154
389 , -146
394 , -139
390 , -147
382 , -152
384 , -158
385 , -163
383 , -151
378 , -155
376 , -159
376 , -154
378 , -146
378 , -140
380 , -128
381 , -118
385 , -109
389 , -101
394 , -95
399 , -92
404 , -87
407 , -84
411 , -80
405 , -80
400 , -82
397 , -83
395 , -87
394 , -90
392 , -97
392 , -93
394 , -89
393 , -86
388 , -89
382 , -92
379 , -99
382 , -91
384 , -83
389 , -76
395 , -70
399 , -63
406 , -59
412 , -52
418 , -51
425 , -46
430 , -41
436 , -37
444 , -31
449 , -27
453 , -21
456 , -17
452 , -16
446 , -15
439 , -16
435 , -21
430 , -31
426 , -38
421 , -44
421 , -47
425 , -40
429 , -30
435 , -22
437 , -16
432 , -16
425 , -18
419 , -19
410 , -24
406 , -30
403 , -32
403 , -25
405 , -19
408 , -15
413 , -10
418 , -9
425 , -3
435 , 3
441 , 7
448 , 11
453 , 18
459 , 24
464 , 32
467 , 41
468 , 50
468 , 56
468 , 50
468 , 45
465 , 33
459 , 26
455 , 19
446 , 13
449 , 22
450 , 33
451 , 41
452 , 50
452 , 59
450 , 65
446 , 75
441 , 82
436 , 87
431 , 92
428 , 97
421 , 99
416 , 105
430 , 97
435 , 91
441 , 89
449 , 85
453 , 82
460 , 78
466 , 75
472 , 72
478 , 70
485 , 67
474 , 73
470 , 78
467 , 83
463 , 88
461 , 94
463 , 88
468 , 81
473 , 75
480 , 72
485 , 68
476 , 70
469 , 73
461 , 75
455 , 81
450 , 82
436 , 91
428 , 100
418 , 103
425 , 97
428 , 92
431 , 83
433 , 77
431 , 72
431 , 65
433 , 61
431 , 67
425 , 70
418 , 75
414 , 79
407 , 83
400 , 87
391 , 91
386 , 92
381 , 93
376 , 95
371 , 96
365 , 96
360 , 97
364 , 97
373 , 96
384 , 91
390 , 87
396 , 81
400 , 77
405 , 73
408 , 68
413 , 65
397 , 72
391 , 75
382 , 76
374 , 77
366 , 78
360 , 65
353 , 53
348 , 44
345 , 37
342 , 25
340 , 18
333 , 6
328 , -9
321 , -21
316 , -35
309 , -52
303 , -62
295 , -74
284 , -87
273 , -96
260 , -107
251 , -112
240 , -118
230 , -123
214 , -128
201 , -133
189 , -137
174 , -140
160 , -142
147 , -142
136 , -142
121 , -143
106 , -142
94 , -144
84 , -141
73 , -140
60 , -138
44 , -134
32 , -131
19 , -129
11 , -126
4 , -124
-3 , -122
-13 , -119
-26 , -113
-34 , -109
-45 , -104
-57 , -98
-70 , -92
-81 , -84
-90 , -78
-100 , -69
-110 , -63
-116 , -56
-126 , -49
-134 , -38
-145 , -28
-154 , -20
-163 , -9
-173 , 1
-181 , 9
-189 , 19
-198 , 30
-208 , 40
-218 , 50
-226 , 60
-234 , 70
-248 , 83
-256 , 93
-264 , 104
-275 , 112
-286 , 120
-302 , 131
-317 , 138
-334 , 144
-355 , 150
-374 , 151
-393 , 148
-410 , 143
-421 , 137
-429 , 129
-434 , 120
-440 , 105
-440 , 91
-440 , 75
-436 , 64
-431 , 50
-425 , 38
-417 , 26
-407 , 18
-397 , 7
-385 , -2
-377 , -10
-365 , -20
-357 , -24
-349 , -27
-340 , -35
-331 , -38
-321 , -44
-313 , -50
-297 , -58
-286 , -63
-275 , -68
-265 , -72
-256 , -76
-244 , -81
-237 , -87
-227 , -93
-215 , -100
-207 , -105
-198 , -112
-190 , -120
-178 , -129
-172 , -137
-167 , -144
-160 , -153
-154 , -163
-148 , -173
-144 , -183
-143 , -192
-142 , -204
-145 , -217
-150 , -229
-157 , -239
-162 , -245
-170 , -251
-177 , -258
-190 , -266
-201 , -272
-211 , -277
-226 , -284
-235 , -286
-247 , -289
-258 , -291
-274 , -291
-287 , -292
-297 , -290
-308 , -291
-318 , -288
-328 , -285
-335 , -280
-343 , -278
-349 , -277
-360 , -277
-367 , -279
-374 , -278
-376 , -276
-365 , -279
-355 , -276
-348 , -276
-338 , -272
-330 , -269
-317 , -267
-309 , -267
-303 , -267
-294 , -268
-285 , -270
-280 , -272
-276 , -275
-271 , -276
-271 , -271
-273 , -263
-278 , -258
-284 , -252
-294 , -249
-304 , -246
-313 , -246
-324 , -245
-333 , -245
-341 , -244
-348 , -245
-355 , -244
-360 , -242
-356 , -243
-348 , -246
-340 , -244
-332 , -239
-324 , -237
-319 , -234
-311 , -229
-306 , -224
-302 , -217
-299 , -209
-299 , -199
-298 , -189
-303 , -194
-308 , -199
-312 , -203
-316 , -209
-322 , -212
-328 , -214
-336 , -217
-341 , -218
-346 , -219
-355 , -221
-347 , -218
-342 , -215
-336 , -211
-332 , -207
-326 , -198
-322 , -191
-320 , -185
-320 , -179
-320 , -175
-320 , -167
-324 , -175
-327 , -180
-330 , -183
-336 , -187
-342 , -190
-345 , -192
-351 , -196
-358 , -198
-368 , -200
-378 , -202
-385 , -201
-395 , -200
-401 , -197
-406 , -194
-411 , -191
-419 , -188
-412 , -191
-406 , -194
-403 , -195
-394 , -198
-388 , -197
-380 , -194
-374 , -192
-369 , -191
-363 , -187
-356 , -184
-350 , -180
-354 , -181
-359 , -182
-369 , -183
-377 , -185
-385 , -186
-391 , -185
-398 , -186
-404 , -186
-400 , -184
-394 , -182
-388 , -180
-381 , -179
-375 , -178
-368 , -177
-362 , -176
-355 , -176
-348 , -171
-343 , -166
-336 , -160
-333 , -156
-336 , -159
-340 , -164
-345 , -168
-350 , -171
-355 , -173
-362 , -176
-369 , -177
-373 , -177
-378 , -178
-379 , -178
-387 , -180
-393 , -182
-398 , -183
-406 , -186
-398 , -187
-390 , -186
-382 , -186
-376 , -184
-368 , -183
-359 , -182
-351 , -180
-353 , -182
-359 , -186
-363 , -187
-369 , -190
-375 , -192
-379 , -194
-384 , -195
-390 , -195
-396 , -196
-400 , -196
-408 , -193
-413 , -190
-399 , -197
-390 , -200
-383 , -201
-377 , -201
-369 , -199
-361 , -198
-351 , -196
-342 , -191
-336 , -187
-331 , -181
-327 , -176
-321 , -166
-320 , -173
-321 , -184
-321 , -189
-325 , -196
-331 , -207
-337 , -210
-343 , -214
-346 , -218
-356 , -221
-342 , -219
-335 , -217
-327 , -214
-323 , -213
-318 , -208
-312 , -201
-307 , -198
-304 , -194
-300 , -187
-299 , -200
-299 , -208
-302 , -215
-304 , -222
-311 , -227
-318 , -233
-322 , -235
-330 , -238
-339 , -241
-353 , -243
-348 , -243
-335 , -243
-324 , -244
-313 , -246
-307 , -247
-295 , -246
-283 , -251
-279 , -257
-275 , -262
-272 , -269
-270 , -276
-274 , -275
-281 , -273
-285 , -271
-295 , -269
-301 , -267
-307 , -266
-317 , -266
-329 , -268
-336 , -271
-347 , -275
-354 , -276
-365 , -277
-365 , -278
-355 , -277
-347 , -277
-337 , -280
-327 , -286
-322 , -286
-314 , -290
-308 , -291
-303 , -292
-297 , -294
-290 , -298
-280 , -300
-272 , -304
-263 , -309
-251 , -312
-246 , -313
-237 , -315
-226 , -315
-222 , -315
-231 , -315
-239 , -313
-243 , -310
-248 , -307
-254 , -302
-258 , -300
-262 , -297
-258 , -296
-249 , -297
-242 , -300
-237 , -301
-229 , -303
-225 , -303
-220 , -302
-210 , -303
-204 , -302
-196 , -301
-191 , -299
-186 , -299
-181 , -298
-174 , -298
-171 , -297
-169 , -295
-177 , -295
-181 , -295
-187 , -295
-191 , -293
-197 , -292
-202 , -292
-208 , -290
-202 , -287
-198 , -286
-192 , -284
-186 , -281
-177 , -278
-169 , -276
-158 , -270
-152 , -265
-145 , -260
-138 , -255
-130 , -252
-126 , -245
-121 , -239
-116 , -234
-112 , -227
-121 , -233
-129 , -237
-136 , -240
-144 , -243
-151 , -244
-148 , -241
-142 , -235
-134 , -231
-131 , -224
-126 , -217
-122 , -208
-119 , -193
-116 , -184
-114 , -176
-113 , -165
-112 , -156
-123 , -168
-127 , -173
-132 , -178
-135 , -183
-133 , -176
-131 , -166
-130 , -157
-131 , -147
-136 , -134
-140 , -125
-141 , -118
-146 , -112
-149 , -105
-151 , -99
-151 , -109
-152 , -118
-152 , -127
-153 , -134
-154 , -141
-157 , -136
-160 , -127
-165 , -118
-170 , -112
-174 , -104
-178 , -96
-183 , -90
-187 , -83
-192 , -77
-198 , -74
-204 , -68
-211 , -65
-207 , -73
-203 , -80
-201 , -85
-199 , -90
-197 , -98
-197 , -99
-200 , -95
-202 , -92
-204 , -88
-208 , -85
-215 , -79
-220 , -73
-226 , -68
-231 , -63
-237 , -60
-244 , -54
-250 , -50
-256 , -44
-261 , -41
-264 , -38
-269 , -35
-277 , -29
-272 , -37
-270 , -40
-267 , -42
-264 , -45
-261 , -49
-258 , -54
-256 , -56
-253 , -59
-249 , -65
-247 , -69
-245 , -72
-251 , -70
-260 , -66
-264 , -64
-270 , -60
-275 , -56
-281 , -52
-286 , -47
-295 , -41
-298 , -34
-306 , -27
-309 , -20
-313 , -14
-317 , -9
-320 , -3
-322 , -7
-321 , -15
-321 , -18
-320 , -24
-318 , -29
-317 , -36
-321 , -32
-324 , -26
-329 , -19
-333 , -12
-337 , -5
-342 , 0
-349 , 7
-355 , 12
-360 , 17
-365 , 21
-372 , 27
-375 , 31
-373 , 27
-369 , 22
-367 , 14
-366 , 8
-365 , 3
-365 , -2
-364 , -9
-370 , -8
-375 , -2
-379 , 2
-384 , 5
-386 , 11
-391 , 18
-396 , 27
-398 , 38
-400 , 48
-400 , 55
-400 , 62
-406 , 60
-409 , 57
-412 , 55
-416 , 52
-419 , 50
-421 , 53
-423 , 59
-421 , 65
-418 , 70
-414 , 76
-409 , 80
-405 , 83
-400 , 86
-395 , 95
-392 , 102
-389 , 107
-387 , 112
-392 , 109
-397 , 106
-403 , 103
-407 , 103
-416 , 100
-422 , 101
-428 , 100
-434 , 100
-431 , 107
-425 , 112
-419 , 118
-411 , 120
-403 , 119
-396 , 120
-388 , 120
-382 , 118
-378 , 117
-372 , 117
-367 , 116
-361 , 116
-355 , 115
-359 , 119
-368 , 123
-373 , 128
-378 , 136
-380 , 141
-381 , 145
-377 , 145
-369 , 146
-364 , 144
-359 , 141
-350 , 139
-344 , 134
-338 , 132
-332 , 128
-324 , 121
-318 , 113
-313 , 107
-306 , 99
-300 , 96
-296 , 91
-289 , 86
-295 , 93
-296 , 99
-297 , 102
-298 , 109
-298 , 113
-296 , 118
-291 , 110
-286 , 106
-284 , 100
-280 , 96
-277 , 89
-276 , 79
-274 , 71
-271 , 65
-266 , 60
-261 , 53
-255 , 48
-251 , 42
-256 , 52
-257 , 60
-256 , 67
-253 , 72
-250 , 75
-245 , 69
-244 , 58
-242 , 49
-242 , 37
-238 , 29
-233 , 24
-230 , 19
-225 , 13
-221 , 10
-218 , 8
-219 , 14
-220 , 19
-219 , 25
-219 , 33
-218 , 40
-213 , 36
-212 , 29
-207 , 22
-204 , 14
-200 , 5
-196 , 0
-191 , -8
-187 , -12
-182 , -19
-178 , -26
-171 , -33
-167 , -41
-163 , -45
-167 , -37
-166 , -34
-167 , -29
-168 , -25
-169 , -19
-169 , -14
-167 , -18
-164 , -21
-162 , -26
-160 , -29
-157 , -34
-154 , -39
-149 , -47
-144 , -56
-136 , -65
-133 , -69
-125 , -73
-120 , -80
-113 , -84
-107 , -88
-108 , -83
-112 , -78
-115 , -72
-117 , -67
-117 , -60
-113 , -65
-108 , -71
-104 , -75
-97 , -80
-93 , -89
-86 , -96
-80 , -103
-71 , -109
-66 , -113
-57 , -116
-51 , -121
-43 , -123
-35 , -126
-39 , -122
-46 , -118
-50 , -114
-55 , -109
-58 , -104
-63 , -96
-57 , -103
-49 , -108
-44 , -111
-38 , -115
-28 , -118
-18 , -124
-7 , -128
1 , -132
8 , -136
16 , -139
22 , -138
16 , -135
13 , -133
10 , -129
5 , -123
12 , -125
24 , -130
39 , -133
50 , -135
66 , -137
80 , -141
91 , -142
83 , -137
77 , -134
69 , -131
66 , -127
59 , -123
53 , -120
59 , -123
67 , -125
74 , -126
80 , -127
85 , -126
92 , -127
100 , -127
107 , -127
115 , -129
123 , -129
130 , -130
134 , -129
139 , -131
142 , -129
138 , -126
132 , -126
125 , -125
119 , -124
112 , -122
104 , -121
100 , -120
96 , -118
105 , -117
113 , -118
119 , -119
123 , -119
131 , -120
142 , -121
149 , -122
159 , -120
167 , -120
178 , -119
188 , -117
196 , -113
200 , -112
193 , -113
188 , -112
180 , -111
173 , -110
165 , -109
159 , -106
152 , -104
159 , -108
169 , -110
178 , -108
189 , -106
200 , -104
214 , -99
223 , -97
233 , -90
241 , -85
247 , -81
257 , -76
262 , -69
268 , -67
251 , -72
243 , -73
235 , -74
227 , -75
222 , -78
227 , -73
235 , -70
242 , -68
247 , -65
256 , -61
266 , -54
274 , -51
280 , -46
288 , -42
294 , -37
300 , -29
309 , -18
303 , -20
296 , -21
291 , -24
283 , -25
276 , -28
271 , -32
274 , -25
283 , -19
291 , -11
297 , -4
304 , 3
309 , 11
315 , 19
320 , 23
324 , 32
328 , 40
331 , 48
334 , 56
328 , 53
322 , 49
318 , 49
314 , 47
310 , 44
303 , 43
297 , 42
301 , 48
308 , 54
316 , 60
320 , 64
328 , 70
333 , 71
342 , 74
349 , 75
356 , 78
367 , 78